
 =======================================================================
    The Levenberg-Marquardt Non-Linear Least Squares Program
 -----------------------------------------------------------------------
  Written by Anatoliy Volkov             Last modified on Jan 31, 2019
 =======================================================================

 Verbosity level ( -vlevel [n] ) =    1

 Input file name specified in the command line = Ar_273.15K_virial_theory_B2-B7.txt

 Comment = Ar, virial eos, answer should be close to -2.1192e-5 1.1467e-9 6.52e-15 1.15e-19 1.82e-23 6.55e-28 in (m^3 mol^-1)^n-1
 Equation of state = virial
 Number of parameters =    6
 Initial guess =    -1.0000E+00    8.0000E-05    3.0000E-10    3.0000E-15    1.0000E-18    4.0000E-23
 Temperature =     273.150000 K
 Molar volume unit = cm^3/mol
 Pressure     unit = bar
 Number of data points =         9901

 The first 10 data points :
         1        2.271097480500E+05        9.999067105179E-02
         2        2.248611366832E+05        1.009904835626E-01
         3        2.226566157353E+05        1.019902942085E-01
         4        2.204949010194E+05        1.029901029896E-01
         5        2.183747577404E+05        1.039899099058E-01
         6        2.162949981429E+05        1.049897149572E-01
         7        2.142544792925E+05        1.059895181437E-01
         8        2.122521009813E+05        1.069893194654E-01
         9        2.102868037500E+05        1.079891189223E-01
        10        2.083575670183E+05        1.089889165144E-01

 Initial error function, S =     3.6537814759E+20

 ======== CYCLE    1, lambda =   1.00E+04 ========
              ------------------------
       beta = (    3.76442879788E+20 )
              (    1.38015348045E+23 )
              (    5.20575825759E+25 )
              (    2.00474017106E+28 )
              (    7.84360113976E+30 )
              (    3.10741946015E+33 )
              ------------------------
              ----------------------------------------------------------------------------------------------------------------------------
      alpha = (    3.87852872209E+20   1.42321890116E+23   5.37168886299E+25   2.06968779607E+28   8.10099291226E+30   3.21045581427E+33 )
              (    1.42321890116E+23   5.37168886299E+25   2.06968779607E+28   8.10099291226E+30   3.21045581427E+33   1.28516812921E+36 )
              (    5.37168886299E+25   2.06968779607E+28   8.10099291226E+30   3.21045581427E+33   1.28516812921E+36   5.18749057656E+38 )
              (    2.06968779607E+28   8.10099291226E+30   3.21045581427E+33   1.28516812921E+36   5.18749057656E+38   2.10853662415E+41 )
              (    8.10099291226E+30   3.21045581427E+33   1.28516812921E+36   5.18749057656E+38   2.10853662415E+41   8.62149140330E+43 )
              (    3.21045581427E+33   1.28516812921E+36   5.18749057656E+38   2.10853662415E+41   8.62149140330E+43   3.54327703731E+46 )
              ----------------------------------------------------------------------------------------------------------------------------
              ----------------------------------------------------------------------------------------------------------------------------
 alphaprime = (    3.87891657496E+24   1.42321890116E+23   5.37168886299E+25   2.06968779607E+28   8.10099291226E+30   3.21045581427E+33 )
              (    1.42321890116E+23   5.37222603187E+29   2.06968779607E+28   8.10099291226E+30   3.21045581427E+33   1.28516812921E+36 )
              (    5.37168886299E+25   2.06968779607E+28   8.10180301155E+34   3.21045581427E+33   1.28516812921E+36   5.18749057656E+38 )
              (    2.06968779607E+28   8.10099291226E+30   3.21045581427E+33   1.28529664603E+40   5.18749057656E+38   2.10853662415E+41 )
              (    8.10099291226E+30   3.21045581427E+33   1.28516812921E+36   5.18749057656E+38   2.10874747782E+45   8.62149140330E+43 )
              (    3.21045581427E+33   1.28516812921E+36   5.18749057656E+38   2.10853662415E+41   8.62149140330E+43   3.54363136501E+50 )
              ----------------------------------------------------------------------------------------------------------------------------
      old a =     -1.00000000000E+00   8.00000000000E-05   3.00000000000E-10   3.00000000000E-15   1.00000000000E-18   4.00000000000E-23
     change =      9.70068075629E-05   2.56788192321E-07   6.42236394742E-10   1.55897670606E-12   3.71765763253E-15   8.76444329323E-18
      new a =     -9.99902993192E-01   8.02567881923E-05   9.42236394742E-10   1.56197670606E-12   3.71865763253E-15   8.76448329323E-18
 S :: old, change, new =    3.65378147587E+20  -3.9E+17   3.64992180121E+20
 cycle accepted, new lambda =    1.00000E+03

 ======== CYCLE    2, lambda =   1.00E+03 ========
              ------------------------
       beta = (    3.76243689371E+20 )
              (    1.37938627284E+23 )
              (    5.20275248180E+25 )
              (    2.00354717681E+28 )
              (    7.83881727426E+30 )
              (    3.10548506657E+33 )
              ------------------------
              ----------------------------------------------------------------------------------------------------------------------------
      alpha = (    3.87852872209E+20   1.42321890116E+23   5.37168886299E+25   2.06968779607E+28   8.10099291226E+30   3.21045581427E+33 )
              (    1.42321890116E+23   5.37168886299E+25   2.06968779607E+28   8.10099291226E+30   3.21045581427E+33   1.28516812921E+36 )
              (    5.37168886299E+25   2.06968779607E+28   8.10099291226E+30   3.21045581427E+33   1.28516812921E+36   5.18749057656E+38 )
              (    2.06968779607E+28   8.10099291226E+30   3.21045581427E+33   1.28516812921E+36   5.18749057656E+38   2.10853662415E+41 )
              (    8.10099291226E+30   3.21045581427E+33   1.28516812921E+36   5.18749057656E+38   2.10853662415E+41   8.62149140330E+43 )
              (    3.21045581427E+33   1.28516812921E+36   5.18749057656E+38   2.10853662415E+41   8.62149140330E+43   3.54327703731E+46 )
              ----------------------------------------------------------------------------------------------------------------------------
              ----------------------------------------------------------------------------------------------------------------------------
 alphaprime = (    3.88240725081E+23   1.42321890116E+23   5.37168886299E+25   2.06968779607E+28   8.10099291226E+30   3.21045581427E+33 )
              (    1.42321890116E+23   5.37706055185E+28   2.06968779607E+28   8.10099291226E+30   3.21045581427E+33   1.28516812921E+36 )
              (    5.37168886299E+25   2.06968779607E+28   8.10909390517E+33   3.21045581427E+33   1.28516812921E+36   5.18749057656E+38 )
              (    2.06968779607E+28   8.10099291226E+30   3.21045581427E+33   1.28645329734E+39   5.18749057656E+38   2.10853662415E+41 )
              (    8.10099291226E+30   3.21045581427E+33   1.28516812921E+36   5.18749057656E+38   2.11064516078E+44   8.62149140330E+43 )
              (    3.21045581427E+33   1.28516812921E+36   5.18749057656E+38   2.10853662415E+41   8.62149140330E+43   3.54682031434E+49 )
              ----------------------------------------------------------------------------------------------------------------------------
      old a =     -9.99902993192E-01   8.02567881923E-05   9.42236394742E-10   1.56197670606E-12   3.71865763253E-15   8.76448329323E-18
     change =      9.64961909717E-04   2.55368182270E-06   6.38547429723E-09   1.54974754740E-11   3.69510072850E-14   8.71016580641E-17
      new a =     -9.98938031283E-01   8.28104700150E-05   7.32771069197E-09   1.70594521800E-11   4.06696649175E-14   9.58661413574E-17
 S :: old, change, new =    3.64992180121E+20  -3.8E+18   3.61166864217E+20
 cycle accepted, new lambda =    1.00000E+02

 ======== CYCLE    3, lambda =   1.00E+02 ========
              ------------------------
       beta = (    3.74263248256E+20 )
              (    1.37175842066E+23 )
              (    5.17286820233E+25 )
              (    1.99168615624E+28 )
              (    7.79125521598E+30 )
              (    3.08625304930E+33 )
              ------------------------
              ----------------------------------------------------------------------------------------------------------------------------
      alpha = (    3.87852872209E+20   1.42321890116E+23   5.37168886299E+25   2.06968779607E+28   8.10099291226E+30   3.21045581427E+33 )
              (    1.42321890116E+23   5.37168886299E+25   2.06968779607E+28   8.10099291226E+30   3.21045581427E+33   1.28516812921E+36 )
              (    5.37168886299E+25   2.06968779607E+28   8.10099291226E+30   3.21045581427E+33   1.28516812921E+36   5.18749057656E+38 )
              (    2.06968779607E+28   8.10099291226E+30   3.21045581427E+33   1.28516812921E+36   5.18749057656E+38   2.10853662415E+41 )
              (    8.10099291226E+30   3.21045581427E+33   1.28516812921E+36   5.18749057656E+38   2.10853662415E+41   8.62149140330E+43 )
              (    3.21045581427E+33   1.28516812921E+36   5.18749057656E+38   2.10853662415E+41   8.62149140330E+43   3.54327703731E+46 )
              ----------------------------------------------------------------------------------------------------------------------------
              ----------------------------------------------------------------------------------------------------------------------------
 alphaprime = (    3.91731400931E+22   1.42321890116E+23   5.37168886299E+25   2.06968779607E+28   8.10099291226E+30   3.21045581427E+33 )
              (    1.42321890116E+23   5.42540575161E+27   2.06968779607E+28   8.10099291226E+30   3.21045581427E+33   1.28516812921E+36 )
              (    5.37168886299E+25   2.06968779607E+28   8.18200284138E+32   3.21045581427E+33   1.28516812921E+36   5.18749057656E+38 )
              (    2.06968779607E+28   8.10099291226E+30   3.21045581427E+33   1.29801981051E+38   5.18749057656E+38   2.10853662415E+41 )
              (    8.10099291226E+30   3.21045581427E+33   1.28516812921E+36   5.18749057656E+38   2.12962199040E+43   8.62149140330E+43 )
              (    3.21045581427E+33   1.28516812921E+36   5.18749057656E+38   2.10853662415E+41   8.62149140330E+43   3.57870980768E+48 )
              ----------------------------------------------------------------------------------------------------------------------------
      old a =     -9.98938031283E-01   8.28104700150E-05   7.32771069197E-09   1.70594521800E-11   4.06696649175E-14   9.58661413574E-17
     change =      9.16693597703E-03   2.41946184069E-05   6.03681712694E-08   1.46252453260E-10   3.48192973912E-13   8.19724366291E-16
      new a =     -9.89771095306E-01   1.07005088422E-04   6.76958819613E-08   1.63311905440E-10   3.88862638830E-13   9.15590507649E-16
 S :: old, change, new =    3.61166864217E+20  -3.5E+19   3.26096539764E+20
 cycle accepted, new lambda =    1.00000E+01

 ======== CYCLE    4, lambda =   1.00E+01 ========
              ------------------------
       beta = (    3.55542244805E+20 )
              (    1.29965962240E+23 )
              (    4.89042127579E+25 )
              (    1.87958991749E+28 )
              (    7.34177637768E+30 )
              (    2.90451052400E+33 )
              ------------------------
              ----------------------------------------------------------------------------------------------------------------------------
      alpha = (    3.87852872209E+20   1.42321890116E+23   5.37168886299E+25   2.06968779607E+28   8.10099291226E+30   3.21045581427E+33 )
              (    1.42321890116E+23   5.37168886299E+25   2.06968779607E+28   8.10099291226E+30   3.21045581427E+33   1.28516812921E+36 )
              (    5.37168886299E+25   2.06968779607E+28   8.10099291226E+30   3.21045581427E+33   1.28516812921E+36   5.18749057656E+38 )
              (    2.06968779607E+28   8.10099291226E+30   3.21045581427E+33   1.28516812921E+36   5.18749057656E+38   2.10853662415E+41 )
              (    8.10099291226E+30   3.21045581427E+33   1.28516812921E+36   5.18749057656E+38   2.10853662415E+41   8.62149140330E+43 )
              (    3.21045581427E+33   1.28516812921E+36   5.18749057656E+38   2.10853662415E+41   8.62149140330E+43   3.54327703731E+46 )
              ----------------------------------------------------------------------------------------------------------------------------
              ----------------------------------------------------------------------------------------------------------------------------
 alphaprime = (    4.26638159430E+21   1.42321890116E+23   5.37168886299E+25   2.06968779607E+28   8.10099291226E+30   3.21045581427E+33 )
              (    1.42321890116E+23   5.90885774928E+26   2.06968779607E+28   8.10099291226E+30   3.21045581427E+33   1.28516812921E+36 )
              (    5.37168886299E+25   2.06968779607E+28   8.91109220349E+31   3.21045581427E+33   1.28516812921E+36   5.18749057656E+38 )
              (    2.06968779607E+28   8.10099291226E+30   3.21045581427E+33   1.41368494214E+37   5.18749057656E+38   2.10853662415E+41 )
              (    8.10099291226E+30   3.21045581427E+33   1.28516812921E+36   5.18749057656E+38   2.31939028657E+42   8.62149140330E+43 )
              (    3.21045581427E+33   1.28516812921E+36   5.18749057656E+38   2.10853662415E+41   8.62149140330E+43   3.89760474104E+47 )
              ----------------------------------------------------------------------------------------------------------------------------
      old a =     -9.89771095306E-01   1.07005088422E-04   6.76958819613E-08   1.63311905440E-10   3.88862638830E-13   9.15590507649E-16
     change =      6.10745905987E-02   1.56955241514E-04   3.83071746586E-07   9.10959017517E-10   2.13457363862E-12   4.95660865660E-15
      new a =     -9.28696504707E-01   2.63960329936E-04   4.50767628547E-07   1.07427092296E-09   2.52343627745E-12   5.87219916424E-15
 S :: old, change, new =    3.26096539764E+20  -1.8E+20   1.49493357293E+20
 cycle accepted, new lambda =    1.00000E+00

 ======== CYCLE    5, lambda =   1.00E+00 ========
              ------------------------
       beta = (    2.36879553827E+20 )
              (    8.43114722829E+22 )
              (    3.10326150398E+25 )
              (    1.17073549633E+28 )
              (    4.50082669398E+30 )
              (    1.75626376358E+33 )
              ------------------------
              ----------------------------------------------------------------------------------------------------------------------------
      alpha = (    3.87852872209E+20   1.42321890116E+23   5.37168886299E+25   2.06968779607E+28   8.10099291226E+30   3.21045581427E+33 )
              (    1.42321890116E+23   5.37168886299E+25   2.06968779607E+28   8.10099291226E+30   3.21045581427E+33   1.28516812921E+36 )
              (    5.37168886299E+25   2.06968779607E+28   8.10099291226E+30   3.21045581427E+33   1.28516812921E+36   5.18749057656E+38 )
              (    2.06968779607E+28   8.10099291226E+30   3.21045581427E+33   1.28516812921E+36   5.18749057656E+38   2.10853662415E+41 )
              (    8.10099291226E+30   3.21045581427E+33   1.28516812921E+36   5.18749057656E+38   2.10853662415E+41   8.62149140330E+43 )
              (    3.21045581427E+33   1.28516812921E+36   5.18749057656E+38   2.10853662415E+41   8.62149140330E+43   3.54327703731E+46 )
              ----------------------------------------------------------------------------------------------------------------------------
              ----------------------------------------------------------------------------------------------------------------------------
 alphaprime = (    7.75705744418E+20   1.42321890116E+23   5.37168886299E+25   2.06968779607E+28   8.10099291226E+30   3.21045581427E+33 )
              (    1.42321890116E+23   1.07433777260E+26   2.06968779607E+28   8.10099291226E+30   3.21045581427E+33   1.28516812921E+36 )
              (    5.37168886299E+25   2.06968779607E+28   1.62019858245E+31   3.21045581427E+33   1.28516812921E+36   5.18749057656E+38 )
              (    2.06968779607E+28   8.10099291226E+30   3.21045581427E+33   2.57033625843E+36   5.18749057656E+38   2.10853662415E+41 )
              (    8.10099291226E+30   3.21045581427E+33   1.28516812921E+36   5.18749057656E+38   4.21707324831E+41   8.62149140330E+43 )
              (    3.21045581427E+33   1.28516812921E+36   5.18749057656E+38   2.10853662415E+41   8.62149140330E+43   7.08655407461E+46 )
              ----------------------------------------------------------------------------------------------------------------------------
      old a =     -9.28696504707E-01   2.63960329936E-04   4.50767628547E-07   1.07427092296E-09   2.52343627745E-12   5.87219916424E-15
     change =      1.50057466777E-01   3.06182497555E-04   5.84026216574E-07   1.05689536463E-09   1.80309526961E-12   2.81868868327E-15
      new a =     -7.78639037930E-01   5.70142827491E-04   1.03479384512E-06   2.13116628758E-09   4.32653154706E-12   8.69088784751E-15
 S :: old, change, new =    1.49493357293E+20  -1.2E+20   2.56350710237E+19
 cycle accepted, new lambda =    1.00000E-01

 ======== CYCLE    6, lambda =   1.00E-01 ========
              ------------------------
       beta = (    5.82002194860E+19 )
              (    1.64471711216E+22 )
              (    4.73119224104E+24 )
              (    1.35828823853E+27 )
              (    3.80189241282E+29 )
              (    9.98739488673E+31 )
              ------------------------
              ----------------------------------------------------------------------------------------------------------------------------
      alpha = (    3.87852872209E+20   1.42321890116E+23   5.37168886299E+25   2.06968779607E+28   8.10099291226E+30   3.21045581427E+33 )
              (    1.42321890116E+23   5.37168886299E+25   2.06968779607E+28   8.10099291226E+30   3.21045581427E+33   1.28516812921E+36 )
              (    5.37168886299E+25   2.06968779607E+28   8.10099291226E+30   3.21045581427E+33   1.28516812921E+36   5.18749057656E+38 )
              (    2.06968779607E+28   8.10099291226E+30   3.21045581427E+33   1.28516812921E+36   5.18749057656E+38   2.10853662415E+41 )
              (    8.10099291226E+30   3.21045581427E+33   1.28516812921E+36   5.18749057656E+38   2.10853662415E+41   8.62149140330E+43 )
              (    3.21045581427E+33   1.28516812921E+36   5.18749057656E+38   2.10853662415E+41   8.62149140330E+43   3.54327703731E+46 )
              ----------------------------------------------------------------------------------------------------------------------------
              ----------------------------------------------------------------------------------------------------------------------------
 alphaprime = (    4.26638159430E+20   1.42321890116E+23   5.37168886299E+25   2.06968779607E+28   8.10099291226E+30   3.21045581427E+33 )
              (    1.42321890116E+23   5.90885774928E+25   2.06968779607E+28   8.10099291226E+30   3.21045581427E+33   1.28516812921E+36 )
              (    5.37168886299E+25   2.06968779607E+28   8.91109220349E+30   3.21045581427E+33   1.28516812921E+36   5.18749057656E+38 )
              (    2.06968779607E+28   8.10099291226E+30   3.21045581427E+33   1.41368494214E+36   5.18749057656E+38   2.10853662415E+41 )
              (    8.10099291226E+30   3.21045581427E+33   1.28516812921E+36   5.18749057656E+38   2.31939028657E+41   8.62149140330E+43 )
              (    3.21045581427E+33   1.28516812921E+36   5.18749057656E+38   2.10853662415E+41   8.62149140330E+43   3.89760474104E+46 )
              ----------------------------------------------------------------------------------------------------------------------------
      old a =     -7.78639037930E-01   5.70142827491E-04   1.03479384512E-06   2.13116628758E-09   4.32653154706E-12   8.69088784751E-15
     change =      2.74460412100E-01   3.39401262323E-04   1.30774598970E-07  -1.02138550305E-09  -4.95686461893E-12  -1.64864698686E-14
      new a =     -5.04178625829E-01   9.09544089815E-04   1.16556844409E-06   1.10978078453E-09  -6.30333071874E-13  -7.79558202110E-15
 S :: old, change, new =    2.56350710237E+19  -2.2E+19   3.20945483325E+18
 cycle accepted, new lambda =    1.00000E-02

 ======== CYCLE    7, lambda =   1.00E-02 ========
              ------------------------
       beta = (    1.06450259141E+19 )
              (    1.82315798090E+21 )
              (    1.05940409936E+23 )
              (   -1.31265209616E+26 )
              (   -1.04517305900E+29 )
              (   -5.84161301117E+31 )
              ------------------------
              ----------------------------------------------------------------------------------------------------------------------------
      alpha = (    3.87852872209E+20   1.42321890116E+23   5.37168886299E+25   2.06968779607E+28   8.10099291226E+30   3.21045581427E+33 )
              (    1.42321890116E+23   5.37168886299E+25   2.06968779607E+28   8.10099291226E+30   3.21045581427E+33   1.28516812921E+36 )
              (    5.37168886299E+25   2.06968779607E+28   8.10099291226E+30   3.21045581427E+33   1.28516812921E+36   5.18749057656E+38 )
              (    2.06968779607E+28   8.10099291226E+30   3.21045581427E+33   1.28516812921E+36   5.18749057656E+38   2.10853662415E+41 )
              (    8.10099291226E+30   3.21045581427E+33   1.28516812921E+36   5.18749057656E+38   2.10853662415E+41   8.62149140330E+43 )
              (    3.21045581427E+33   1.28516812921E+36   5.18749057656E+38   2.10853662415E+41   8.62149140330E+43   3.54327703731E+46 )
              ----------------------------------------------------------------------------------------------------------------------------
              ----------------------------------------------------------------------------------------------------------------------------
 alphaprime = (    3.91731400931E+20   1.42321890116E+23   5.37168886299E+25   2.06968779607E+28   8.10099291226E+30   3.21045581427E+33 )
              (    1.42321890116E+23   5.42540575161E+25   2.06968779607E+28   8.10099291226E+30   3.21045581427E+33   1.28516812921E+36 )
              (    5.37168886299E+25   2.06968779607E+28   8.18200284138E+30   3.21045581427E+33   1.28516812921E+36   5.18749057656E+38 )
              (    2.06968779607E+28   8.10099291226E+30   3.21045581427E+33   1.29801981051E+36   5.18749057656E+38   2.10853662415E+41 )
              (    8.10099291226E+30   3.21045581427E+33   1.28516812921E+36   5.18749057656E+38   2.12962199040E+41   8.62149140330E+43 )
              (    3.21045581427E+33   1.28516812921E+36   5.18749057656E+38   2.10853662415E+41   8.62149140330E+43   3.57870980768E+46 )
              ----------------------------------------------------------------------------------------------------------------------------
      old a =     -5.04178625829E-01   9.09544089815E-04   1.16556844409E-06   1.10978078453E-09  -6.30333071874E-13  -7.79558202110E-15
     change =      2.16879352535E-01   1.28202090971E-05  -5.08196451763E-07  -1.40037937914E-09  -2.21699066696E-12  -5.90565389394E-16
      new a =     -2.87299273295E-01   9.22364298912E-04   6.57371992328E-07  -2.90598594604E-10  -2.84732373883E-12  -8.38614741049E-15
 S :: old, change, new =    3.20945483325E+18  -3.0E+18   2.42066946845E+17
 cycle accepted, new lambda =    1.00000E-03

 ======== CYCLE    8, lambda =   1.00E-03 ========
              ------------------------
       beta = (    8.41172798035E+17 )
              (    6.88661744286E+18 )
              (   -4.11689585377E+22 )
              (   -1.79972294687E+25 )
              (   -4.67460601669E+27 )
              (   -2.09253678326E+29 )
              ------------------------
              ----------------------------------------------------------------------------------------------------------------------------
      alpha = (    3.87852872209E+20   1.42321890116E+23   5.37168886299E+25   2.06968779607E+28   8.10099291226E+30   3.21045581427E+33 )
              (    1.42321890116E+23   5.37168886299E+25   2.06968779607E+28   8.10099291226E+30   3.21045581427E+33   1.28516812921E+36 )
              (    5.37168886299E+25   2.06968779607E+28   8.10099291226E+30   3.21045581427E+33   1.28516812921E+36   5.18749057656E+38 )
              (    2.06968779607E+28   8.10099291226E+30   3.21045581427E+33   1.28516812921E+36   5.18749057656E+38   2.10853662415E+41 )
              (    8.10099291226E+30   3.21045581427E+33   1.28516812921E+36   5.18749057656E+38   2.10853662415E+41   8.62149140330E+43 )
              (    3.21045581427E+33   1.28516812921E+36   5.18749057656E+38   2.10853662415E+41   8.62149140330E+43   3.54327703731E+46 )
              ----------------------------------------------------------------------------------------------------------------------------
              ----------------------------------------------------------------------------------------------------------------------------
 alphaprime = (    3.88240725081E+20   1.42321890116E+23   5.37168886299E+25   2.06968779607E+28   8.10099291226E+30   3.21045581427E+33 )
              (    1.42321890116E+23   5.37706055185E+25   2.06968779607E+28   8.10099291226E+30   3.21045581427E+33   1.28516812921E+36 )
              (    5.37168886299E+25   2.06968779607E+28   8.10909390517E+30   3.21045581427E+33   1.28516812921E+36   5.18749057656E+38 )
              (    2.06968779607E+28   8.10099291226E+30   3.21045581427E+33   1.28645329734E+36   5.18749057656E+38   2.10853662415E+41 )
              (    8.10099291226E+30   3.21045581427E+33   1.28516812921E+36   5.18749057656E+38   2.11064516078E+41   8.62149140330E+43 )
              (    3.21045581427E+33   1.28516812921E+36   5.18749057656E+38   2.10853662415E+41   8.62149140330E+43   3.54682031434E+46 )
              ----------------------------------------------------------------------------------------------------------------------------
      old a =     -2.87299273295E-01   9.22364298912E-04   6.57371992328E-07  -2.90598594604E-10  -2.84732373883E-12  -8.38614741049E-15
     change =      1.72016107670E-01  -2.86806406389E-04  -9.87441853627E-07  -1.33031014286E-09   1.14137094209E-12   1.43922482670E-14
      new a =     -1.15283165624E-01   6.35557892522E-04  -3.30069861299E-07  -1.62090873746E-09  -1.70595279674E-12   6.00610085655E-15
 S :: old, change, new =    2.42066946845E+17  -2.3E+17   9.41770137752E+15
 cycle accepted, new lambda =    1.00000E-04

 ======== CYCLE    9, lambda =   1.00E-04 ========
              ------------------------
       beta = (    6.67169414262E+16 )
              (   -1.54063477903E+19 )
              (   -7.99925945750E+21 )
              (   -1.70967219757E+24 )
              (    2.40662243313E+26 )
              (    5.09957227999E+29 )
              ------------------------
              ----------------------------------------------------------------------------------------------------------------------------
      alpha = (    3.87852872209E+20   1.42321890116E+23   5.37168886299E+25   2.06968779607E+28   8.10099291226E+30   3.21045581427E+33 )
              (    1.42321890116E+23   5.37168886299E+25   2.06968779607E+28   8.10099291226E+30   3.21045581427E+33   1.28516812921E+36 )
              (    5.37168886299E+25   2.06968779607E+28   8.10099291226E+30   3.21045581427E+33   1.28516812921E+36   5.18749057656E+38 )
              (    2.06968779607E+28   8.10099291226E+30   3.21045581427E+33   1.28516812921E+36   5.18749057656E+38   2.10853662415E+41 )
              (    8.10099291226E+30   3.21045581427E+33   1.28516812921E+36   5.18749057656E+38   2.10853662415E+41   8.62149140330E+43 )
              (    3.21045581427E+33   1.28516812921E+36   5.18749057656E+38   2.10853662415E+41   8.62149140330E+43   3.54327703731E+46 )
              ----------------------------------------------------------------------------------------------------------------------------
              ----------------------------------------------------------------------------------------------------------------------------
 alphaprime = (    3.87891657496E+20   1.42321890116E+23   5.37168886299E+25   2.06968779607E+28   8.10099291226E+30   3.21045581427E+33 )
              (    1.42321890116E+23   5.37222603187E+25   2.06968779607E+28   8.10099291226E+30   3.21045581427E+33   1.28516812921E+36 )
              (    5.37168886299E+25   2.06968779607E+28   8.10180301155E+30   3.21045581427E+33   1.28516812921E+36   5.18749057656E+38 )
              (    2.06968779607E+28   8.10099291226E+30   3.21045581427E+33   1.28529664603E+36   5.18749057656E+38   2.10853662415E+41 )
              (    8.10099291226E+30   3.21045581427E+33   1.28516812921E+36   5.18749057656E+38   2.10874747782E+41   8.62149140330E+43 )
              (    3.21045581427E+33   1.28516812921E+36   5.18749057656E+38   2.10853662415E+41   8.62149140330E+43   3.54363136501E+46 )
              ----------------------------------------------------------------------------------------------------------------------------
      old a =     -1.15283165624E-01   6.35557892522E-04  -3.30069861299E-07  -1.62090873746E-09  -1.70595279674E-12   6.00610085655E-15
     change =      6.64620969610E-02  -2.64621681711E-04  -1.83746727765E-07   7.07633378039E-10   1.82330365387E-12  -2.36663815793E-15
      new a =     -4.88210686632E-02   3.70936210811E-04  -5.13816589065E-07  -9.13275359422E-10   1.17350857133E-13   3.63946269862E-15
 S :: old, change, new =    9.41770137752E+15  -8.7E+15   6.85645630108E+14
 cycle accepted, new lambda =    1.00000E-05

 ======== CYCLE   10, lambda =   1.00E-05 ========
              ------------------------
       beta = (    2.57775151991E+15 )
              (   -1.42146534055E+18 )
              (   -1.48853093923E+20 )
              (    9.09427864637E+22 )
              (    3.84450253103E+25 )
              (   -8.38565464036E+27 )
              ------------------------
              ----------------------------------------------------------------------------------------------------------------------------
      alpha = (    3.87852872209E+20   1.42321890116E+23   5.37168886299E+25   2.06968779607E+28   8.10099291226E+30   3.21045581427E+33 )
              (    1.42321890116E+23   5.37168886299E+25   2.06968779607E+28   8.10099291226E+30   3.21045581427E+33   1.28516812921E+36 )
              (    5.37168886299E+25   2.06968779607E+28   8.10099291226E+30   3.21045581427E+33   1.28516812921E+36   5.18749057656E+38 )
              (    2.06968779607E+28   8.10099291226E+30   3.21045581427E+33   1.28516812921E+36   5.18749057656E+38   2.10853662415E+41 )
              (    8.10099291226E+30   3.21045581427E+33   1.28516812921E+36   5.18749057656E+38   2.10853662415E+41   8.62149140330E+43 )
              (    3.21045581427E+33   1.28516812921E+36   5.18749057656E+38   2.10853662415E+41   8.62149140330E+43   3.54327703731E+46 )
              ----------------------------------------------------------------------------------------------------------------------------
              ----------------------------------------------------------------------------------------------------------------------------
 alphaprime = (    3.87856750738E+20   1.42321890116E+23   5.37168886299E+25   2.06968779607E+28   8.10099291226E+30   3.21045581427E+33 )
              (    1.42321890116E+23   5.37174257987E+25   2.06968779607E+28   8.10099291226E+30   3.21045581427E+33   1.28516812921E+36 )
              (    5.37168886299E+25   2.06968779607E+28   8.10107392219E+30   3.21045581427E+33   1.28516812921E+36   5.18749057656E+38 )
              (    2.06968779607E+28   8.10099291226E+30   3.21045581427E+33   1.28518098090E+36   5.18749057656E+38   2.10853662415E+41 )
              (    8.10099291226E+30   3.21045581427E+33   1.28516812921E+36   5.18749057656E+38   2.10855770952E+41   8.62149140330E+43 )
              (    3.21045581427E+33   1.28516812921E+36   5.18749057656E+38   2.10853662415E+41   8.62149140330E+43   3.54331247008E+46 )
              ----------------------------------------------------------------------------------------------------------------------------
      old a =     -4.88210686632E-02   3.70936210811E-04  -5.13816589065E-07  -9.13275359422E-10   1.17350857133E-13   3.63946269862E-15
     change =      3.62091486801E-02  -2.30342724850E-04   5.30175833949E-08   1.04746099375E-09   1.48262138311E-12  -5.54325969650E-15
      new a =     -1.26119199831E-02   1.40593485961E-04  -4.60799005670E-07   1.34185634331E-10   1.59997224025E-12  -1.90379699788E-15
 S :: old, change, new =    6.85645630108E+14  -6.8E+14   1.05957973570E+13
 cycle accepted, new lambda =    1.00000E-06

 ======== CYCLE   11, lambda =   1.00E-06 ========
              ------------------------
       beta = (    1.40438223115E+14 )
              (   -1.23732944981E+17 )
              (    4.29495067556E+18 )
              (    1.34616348592E+22 )
              (    3.12616148514E+24 )
              (   -1.96413047935E+27 )
              ------------------------
              ----------------------------------------------------------------------------------------------------------------------------
      alpha = (    3.87852872209E+20   1.42321890116E+23   5.37168886299E+25   2.06968779607E+28   8.10099291226E+30   3.21045581427E+33 )
              (    1.42321890116E+23   5.37168886299E+25   2.06968779607E+28   8.10099291226E+30   3.21045581427E+33   1.28516812921E+36 )
              (    5.37168886299E+25   2.06968779607E+28   8.10099291226E+30   3.21045581427E+33   1.28516812921E+36   5.18749057656E+38 )
              (    2.06968779607E+28   8.10099291226E+30   3.21045581427E+33   1.28516812921E+36   5.18749057656E+38   2.10853662415E+41 )
              (    8.10099291226E+30   3.21045581427E+33   1.28516812921E+36   5.18749057656E+38   2.10853662415E+41   8.62149140330E+43 )
              (    3.21045581427E+33   1.28516812921E+36   5.18749057656E+38   2.10853662415E+41   8.62149140330E+43   3.54327703731E+46 )
              ----------------------------------------------------------------------------------------------------------------------------
              ----------------------------------------------------------------------------------------------------------------------------
 alphaprime = (    3.87853260062E+20   1.42321890116E+23   5.37168886299E+25   2.06968779607E+28   8.10099291226E+30   3.21045581427E+33 )
              (    1.42321890116E+23   5.37169423467E+25   2.06968779607E+28   8.10099291226E+30   3.21045581427E+33   1.28516812921E+36 )
              (    5.37168886299E+25   2.06968779607E+28   8.10100101325E+30   3.21045581427E+33   1.28516812921E+36   5.18749057656E+38 )
              (    2.06968779607E+28   8.10099291226E+30   3.21045581427E+33   1.28516941438E+36   5.18749057656E+38   2.10853662415E+41 )
              (    8.10099291226E+30   3.21045581427E+33   1.28516812921E+36   5.18749057656E+38   2.10853873269E+41   8.62149140330E+43 )
              (    3.21045581427E+33   1.28516812921E+36   5.18749057656E+38   2.10853662415E+41   8.62149140330E+43   3.54328058058E+46 )
              ----------------------------------------------------------------------------------------------------------------------------
      old a =     -1.26119199831E-02   1.40593485961E-04  -4.60799005670E-07   1.34185634331E-10   1.59997224025E-12  -1.90379699788E-15
     change =      8.08579634775E-03  -7.87028225811E-05   1.98306189051E-07   1.21997310339E-10  -9.43290876960E-13   7.87866387537E-16
      new a =     -4.52612363540E-03   6.18906633801E-05  -2.62492816619E-07   2.56182944670E-10   6.56681363287E-13  -1.11593061034E-15
 S :: old, change, new =    1.05957973570E+13  -9.8E+12   8.19063092990E+11
 cycle accepted, new lambda =    1.00000E-07

 ======== CYCLE   12, lambda =   1.00E-07 ========
              ------------------------
       beta = (    3.13609933923E+12 )
              (   -4.22767075952E+15 )
              (    1.60647703067E+18 )
              (    1.56787055911E+20 )
              (   -1.98896336346E+23 )
              (    2.79162887443E+25 )
              ------------------------
              ----------------------------------------------------------------------------------------------------------------------------
      alpha = (    3.87852872209E+20   1.42321890116E+23   5.37168886299E+25   2.06968779607E+28   8.10099291226E+30   3.21045581427E+33 )
              (    1.42321890116E+23   5.37168886299E+25   2.06968779607E+28   8.10099291226E+30   3.21045581427E+33   1.28516812921E+36 )
              (    5.37168886299E+25   2.06968779607E+28   8.10099291226E+30   3.21045581427E+33   1.28516812921E+36   5.18749057656E+38 )
              (    2.06968779607E+28   8.10099291226E+30   3.21045581427E+33   1.28516812921E+36   5.18749057656E+38   2.10853662415E+41 )
              (    8.10099291226E+30   3.21045581427E+33   1.28516812921E+36   5.18749057656E+38   2.10853662415E+41   8.62149140330E+43 )
              (    3.21045581427E+33   1.28516812921E+36   5.18749057656E+38   2.10853662415E+41   8.62149140330E+43   3.54327703731E+46 )
              ----------------------------------------------------------------------------------------------------------------------------
              ----------------------------------------------------------------------------------------------------------------------------
 alphaprime = (    3.87852910994E+20   1.42321890116E+23   5.37168886299E+25   2.06968779607E+28   8.10099291226E+30   3.21045581427E+33 )
              (    1.42321890116E+23   5.37168940015E+25   2.06968779607E+28   8.10099291226E+30   3.21045581427E+33   1.28516812921E+36 )
              (    5.37168886299E+25   2.06968779607E+28   8.10099372236E+30   3.21045581427E+33   1.28516812921E+36   5.18749057656E+38 )
              (    2.06968779607E+28   8.10099291226E+30   3.21045581427E+33   1.28516825773E+36   5.18749057656E+38   2.10853662415E+41 )
              (    8.10099291226E+30   3.21045581427E+33   1.28516812921E+36   5.18749057656E+38   2.10853683501E+41   8.62149140330E+43 )
              (    3.21045581427E+33   1.28516812921E+36   5.18749057656E+38   2.10853662415E+41   8.62149140330E+43   3.54327739163E+46 )
              ----------------------------------------------------------------------------------------------------------------------------
      old a =     -4.52612363540E-03   6.18906633801E-05  -2.62492816619E-07   2.56182944670E-10   6.56681363287E-13  -1.11593061034E-15
     change =      3.78101883455E-03  -4.91993822007E-05   1.80545648920E-07  -9.64720366025E-12  -1.00385213551E-12   1.29862823196E-15
      new a =     -7.45104800855E-04   1.26912811793E-05  -8.19471676994E-08   2.46535741010E-10  -3.47170772225E-13   1.82697621619E-16
 S :: old, change, new =    8.19063092990E+11  -8.1E+11   7.56211814133E+09
 cycle accepted, new lambda =    1.00000E-08

 ======== CYCLE   13, lambda =   1.00E-08 ========
              ------------------------
       beta = (    1.46647911810E+11 )
              (   -2.64283775527E+14 )
              (    1.46259901670E+17 )
              (   -1.23982708637E+18 )
              (   -2.11665899660E+22 )
              (    4.60139958291E+24 )
              ------------------------
              ----------------------------------------------------------------------------------------------------------------------------
      alpha = (    3.87852872209E+20   1.42321890116E+23   5.37168886299E+25   2.06968779607E+28   8.10099291226E+30   3.21045581427E+33 )
              (    1.42321890116E+23   5.37168886299E+25   2.06968779607E+28   8.10099291226E+30   3.21045581427E+33   1.28516812921E+36 )
              (    5.37168886299E+25   2.06968779607E+28   8.10099291226E+30   3.21045581427E+33   1.28516812921E+36   5.18749057656E+38 )
